: 7522908762
200170720933
Registered Mobile : +917522908762 | Aadhaar Number : XXXX XXXX 4234 | E-mail : zainabtuba20@gmail.comMr. Sayyad Tarique Ahmad
As On Date : 29-Jul-2026Jio Number : 7522908762
Mr. Sayyad Tarique Ahmad  Jio Number : 7522908762 Statement Date : 29-Jul-2026
Jio Number : 7522908762
Jio Number : 7522908762 Mr. Sayyad Tarique Ahmad  Statement Date : 29-Jul-2026
Jio Number : 7522908762 Mr. Sayyad Tarique Ahmad  Statement Date : 29-Jul-2026
Jio Number : 7522908762 Mr. Sayyad Tarique Ahmad  Statement Date : 29-Jul-2026
Jio Number : 7522908762 Mr. Sayyad Tarique Ahmad  Statement Date : 29-Jul-2026
Jio Number : 7522908762 Mr. Sayyad Tarique Ahmad  Statement Date : 29-Jul-2026
Jio Number : 7522908762 Mr. Sayyad Tarique Ahmad  Statement Date : 29-Jul-2026
1 29-JUL-26 15:44:33 917028536741 17 0 0 0 0.00
2 29-JUL-26 15:43:08 917028536741 17 0 0 0 0.00
3 29-JUL-26 15:34:08 917498900335 62 0 0 0 0.00
4 29-JUL-26 14:45:58 917498900335 94 0 0 0 0.00
5 29-JUL-26 09:17:11 919356176741 15 0 0 0 0.00
6 29-JUL-26 09:16:01 919356176741 23 0 0 0 0.00
7 29-JUL-26 07:49:33 918668724751 15 0 0 0 0.00
8 29-JUL-26 05:55:01 917498900335 624 0 0 0 0.00
9 28-JUL-26 23:10:33 917498900335 2611 0 0 0 0.00
10 28-JUL-26 22:40:00 917498900335 67 0 0 0 0.00
11 28-JUL-26 21:55:17 917498900335 249 0 0 0 0.00
12 28-JUL-26 21:50:32 919579573600 13 0 0 0 0.00
13 28-JUL-26 21:32:05 919356176741 245 0 0 0 0.00
14 28-JUL-26 19:19:56 917020257121 13 0 0 0 0.00
15 28-JUL-26 15:53:03 917028536741 58 0 0 0 0.00
16 28-JUL-26 14:26:10 919356176741 146 0 0 0 0.00
17 28-JUL-26 13:57:02 917498900335 133 0 0 0 0.00
18 28-JUL-26 13:51:54 919356176741 47 0 0 0 0.00
19 28-JUL-26 13:32:18 917028536741 36 0 0 0 0.00
20 28-JUL-26 12:58:37 919579573600 13 0 0 0 0.00
21 28-JUL-26 12:52:20 917498900335 356 0 0 0 0.00
22 28-JUL-26 10:59:52 919579573600 29 0 0 0 0.00
23 28-JUL-26 06:54:13 917498900335 438 0 0 0 0.00
24 28-JUL-26 00:20:40 917498900335 3274 0 0 0 0.00
25 28-JUL-26 00:20:18 917498900335 23 0 0 0 0.00
26 27-JUL-26 23:29:38 917498900335 20 0 0 0 0.00
27 27-JUL-26 22:55:46 918888823456 65 0 0 0 0.00
28 27-JUL-26 22:12:01 917498900335 21 0 0 0 0.00
29 27-JUL-26 19:51:36 919356176741 93 0 0 0 0.00
30 27-JUL-26 19:41:27 917028536741 20 0 0 0 0.00
31 27-JUL-26 19:40:43 919356176741 28 0 0 0 0.00
32 27-JUL-26 17:30:49 917796169606 4 0 0 0 0.00
33 27-JUL-26 17:00:37 917796169606 4 0 0 0 0.00
34 27-JUL-26 16:59:15 919356176741 46 0 0 0 0.00
35 27-JUL-26 14:21:37 919653470503 32 0 0 0 0.00
Jio Number : 7522908762 Mr. Sayyad Tarique Ahmad  Statement Date : 29-Jul-2026
36 27-JUL-26 14:09:38 919579573600 12 0 0 0 0.00
37 27-JUL-26 13:39:15 917620376578 685 0 0 0 0.00
38 27-JUL-26 11:19:50 917498900335 437 0 0 0 0.00
39 27-JUL-26 09:05:18 917498900335 1355 0 0 0 0.00
40 27-JUL-26 08:06:55 919356176741 104 0 0 0 0.00
41 27-JUL-26 07:56:14 917498900335 390 0 0 0 0.00
42 27-JUL-26 07:46:36 917028536741 28 0 0 0 0.00
43 26-JUL-26 22:12:05 917498900335 463 0 0 0 0.00
44 26-JUL-26 21:21:21 917498900335 595 0 0 0 0.00
45 26-JUL-26 21:20:34 919356176741 26 0 0 0 0.00
46 26-JUL-26 21:18:40 917028536741 52 0 0 0 0.00
47 26-JUL-26 21:03:53 917498900335 871 0 0 0 0.00
48 26-JUL-26 20:27:14 917028536741 16 0 0 0 0.00
49 26-JUL-26 20:03:19 917498900335 193 0 0 0 0.00
50 26-JUL-26 20:02:51 917498900335 1 0 0 0 0.00
51 26-JUL-26 19:56:50 917028536741 19 0 0 0 0.00
52 26-JUL-26 18:39:10 917498900335 237 0 0 0 0.00
53 26-JUL-26 18:28:33 917498900335 86 0 0 0 0.00
54 26-JUL-26 18:18:02 917498900335 70 0 0 0 0.00
55 26-JUL-26 18:04:11 917498900335 348 0 0 0 0.00
56 26-JUL-26 18:02:33 917498900335 39 0 0 0 0.00
57 26-JUL-26 17:14:56 917498900335 23 0 0 0 0.00
58 26-JUL-26 17:12:02 917028536741 37 0 0 0 0.00
59 26-JUL-26 17:11:10 917020257121 7 0 0 0 0.00
60 26-JUL-26 16:27:18 917498900335 1025 0 0 0 0.00
61 26-JUL-26 14:25:42 917498900335 19 0 0 0 0.00
62 26-JUL-26 12:16:48 919356176741 20 0 0 0 0.00
63 26-JUL-26 12:08:12 917498900335 117 0 0 0 0.00
64 26-JUL-26 12:02:30 917498900335 59 0 0 0 0.00
65 26-JUL-26 11:07:54 919028546053 14 0 0 0 0.00
66 26-JUL-26 10:41:37 917028536741 27 0 0 0 0.00
67 26-JUL-26 10:39:19 919356176741 22 0 0 0 0.00
68 26-JUL-26 10:37:30 917498900335 84 0 0 0 0.00
69 26-JUL-26 10:36:38 917020257121 45 0 0 0 0.00
70 26-JUL-26 10:31:42 917498900335 219 0 0 0 0.00
71 26-JUL-26 10:27:12 919356176741 11 0 0 0 0.00
72 26-JUL-26 10:07:23 919356176741 18 0 0 0 0.00
73 26-JUL-26 09:32:41 919356176741 21 0 0 0 0.00
74 25-JUL-26 23:51:59 917498900335 52 0 0 0 0.00
75 25-JUL-26 21:46:16 917028536741 14 0 0 0 0.00
76 25-JUL-26 21:43:05 917498900335 177 0 0 0 0.00
77 25-JUL-26 21:07:49 917498900335 372 0 0 0 0.00
78 25-JUL-26 20:51:05 917304929847 14 0 0 0 0.00
79 25-JUL-26 20:38:22 917498900335 509 0 0 0 0.00
80 25-JUL-26 20:23:36 917498900335 116 0 0 0 0.00
81 25-JUL-26 20:08:36 917498900335 39 0 0 0 0.00
82 25-JUL-26 19:37:05 917498900335 1266 0 0 0 0.00
83 25-JUL-26 19:30:01 917020257121 11 0 0 0 0.00
84 25-JUL-26 18:52:08 917498900335 25 0 0 0 0.00
85 25-JUL-26 18:23:54 917498900335 73 0 0 0 0.00
86 25-JUL-26 17:21:18 917498900335 13 0 0 0 0.00
87 25-JUL-26 17:10:39 919359837932 31 0 0 0 0.00
88 25-JUL-26 17:03:34 917498900335 407 0 0 0 0.00
89 25-JUL-26 16:56:18 917028536741 52 0 0 0 0.00
90 25-JUL-26 16:55:46 917028536741 15 0 0 0 0.00
91 25-JUL-26 12:10:46 917498900335 178 0 0 0 0.00
92 25-JUL-26 11:54:24 917498900335 221 0 0 0 0.00
93 25-JUL-26 11:10:16 917498900335 13 0 0 0 0.00
94 25-JUL-26 08:57:57 919527700810 15 0 0 0 0.00
Jio Number : 7522908762 Mr. Sayyad Tarique Ahmad  Statement Date : 29-Jul-2026
95 25-JUL-26 08:57:29 917028536741 6 0 0 0 0.00
96 25-JUL-26 08:54:33 919527700810 9 0 0 0 0.00
97 25-JUL-26 08:36:57 919527700810 74 0 0 0 0.00
98 25-JUL-26 07:47:21 918668724751 11 0 0 0 0.00
99 24-JUL-26 22:48:17 917498900335 326 0 0 0 0.00
100 24-JUL-26 21:08:27 919356176741 18 0 0 0 0.00
101 24-JUL-26 20:46:04 917498900335 1265 0 0 0 0.00
102 24-JUL-26 19:25:12 917796169606 2 0 0 0 0.00
103 24-JUL-26 19:21:19 917498900335 169 0 0 0 0.00
104 24-JUL-26 19:20:47 918668724751 19 0 0 0 0.00
105 24-JUL-26 18:35:45 917498900335 15 0 0 0 0.00
106 24-JUL-26 18:22:46 917498900335 76 0 0 0 0.00
107 24-JUL-26 18:08:43 917498900335 770 0 0 0 0.00
108 24-JUL-26 17:17:01 917498900335 273 0 0 0 0.00
109 24-JUL-26 17:12:19 917498900335 94 0 0 0 0.00
110 24-JUL-26 17:11:16 919356176741 54 0 0 0 0.00
111 24-JUL-26 16:54:47 919356176741 54 0 0 0 0.00
112 24-JUL-26 16:51:13 917498900335 28 0 0 0 0.00
113 24-JUL-26 16:50:34 919356176741 29 0 0 0 0.00
114 24-JUL-26 16:50:19 917498900335 1 0 0 0 0.00
115 24-JUL-26 16:20:31 917498900335 23 0 0 0 0.00
116 24-JUL-26 15:26:57 917796169606 5 0 0 0 0.00
117 24-JUL-26 14:42:50 917498900335 110 0 0 0 0.00
118 24-JUL-26 14:40:59 919356176741 104 0 0 0 0.00
119 24-JUL-26 14:33:43 917498900335 405 0 0 0 0.00
120 24-JUL-26 11:51:10 917498900335 224 0 0 0 0.00
121 24-JUL-26 07:53:07 918668724751 29 0 0 0 0.00
122 23-JUL-26 22:55:42 917028536741 26 0 0 0 0.00
123 23-JUL-26 22:03:25 917498900335 1139 0 0 0 0.00
124 23-JUL-26 20:49:58 917498900335 3274 0 0 0 0.00
125 23-JUL-26 18:45:08 919595972517 51 0 0 0 0.00
126 23-JUL-26 18:12:30 919356176741 55 0 0 0 0.00
127 23-JUL-26 15:58:09 917498900335 4 0 0 0 0.00
128 23-JUL-26 14:17:29 917498900335 570 0 0 0 0.00
129 23-JUL-26 14:02:41 917498900335 528 0 0 0 0.00
130 23-JUL-26 13:49:10 917028536741 32 0 0 0 0.00
131 23-JUL-26 13:18:18 918928181772 26 0 0 0 0.00
132 23-JUL-26 12:25:49 917498900335 862 0 0 0 0.00
133 23-JUL-26 08:03:09 918668724751 14 0 0 0 0.00
134 23-JUL-26 07:50:54 918668724751 9 0 0 0 0.00
135 22-JUL-26 21:39:26 918668724751 21 0 0 0 0.00
136 22-JUL-26 21:38:01 918668724751 18 0 0 0 0.00
137 22-JUL-26 20:59:24 917498900335 22 0 0 0 0.00
138 22-JUL-26 18:32:59 917498900335 135 0 0 0 0.00
139 22-JUL-26 18:29:52 918208559941 140 0 0 0 0.00
140 22-JUL-26 18:15:40 917620376578 619 0 0 0 0.00
141 22-JUL-26 17:56:40 917498900335 1124 0 0 0 0.00
142 22-JUL-26 10:42:02 919356176741 40 0 0 0 0.00
143 22-JUL-26 10:31:43 917498900335 790 0 0 0 0.00
144 22-JUL-26 10:29:49 919373300687 7 0 0 0 0.00
145 22-JUL-26 10:11:10 919373300687 30 0 0 0 0.00
146 21-JUL-26 22:52:31 917498900335 37 0 0 0 0.00
147 21-JUL-26 22:12:12 917498900335 62 0 0 0 0.00
148 21-JUL-26 13:06:43 917498900335 12 0 0 0 0.00
149 21-JUL-26 12:15:51 917028536741 10 0 0 0 0.00
150 21-JUL-26 11:54:33 917498900335 13 0 0 0 0.00
151 21-JUL-26 11:19:44 917028536741 15 0 0 0 0.00
152 21-JUL-26 10:56:41 917498900335 7 0 0 0 0.00
153 21-JUL-26 10:55:56 917028536741 18 0 0 0 0.00
Jio Number : 7522908762 Mr. Sayyad Tarique Ahmad  Statement Date : 29-Jul-2026
154 21-JUL-26 10:55:09 919322009365 33 0 0 0 0.00
155 21-JUL-26 10:53:26 918657854432 50 0 0 0 0.00
156 21-JUL-26 10:52:48 919689524187 25 0 0 0 0.00
157 21-JUL-26 10:51:38 917028536741 41 0 0 0 0.00
158 21-JUL-26 10:49:40 919356176741 27 0 0 0 0.00
159 21-JUL-26 10:49:02 919518388853 17 0 0 0 0.00
160 21-JUL-26 10:48:24 917028536741 24 0 0 0 0.00
161 21-JUL-26 10:41:52 919518388853 17 0 0 0 0.00
162 21-JUL-26 10:40:49 917028536741 21 0 0 0 0.00
163 21-JUL-26 10:40:18 919518388853 24 0 0 0 0.00
164 21-JUL-26 10:38:47 919518388853 24 0 0 0 0.00
165 21-JUL-26 07:46:54 918668724751 10 0 0 0 0.00
166 20-JUL-26 22:33:54 917498900335 106 0 0 0 0.00
167 20-JUL-26 22:26:41 917498900335 421 0 0 0 0.00
168 20-JUL-26 21:01:40 917498900335 107 0 0 0 0.00
169 20-JUL-26 20:59:27 917028536741 65 0 0 0 0.00
170 20-JUL-26 20:51:23 917498900335 330 0 0 0 0.00
171 20-JUL-26 20:34:16 917498900335 651 0 0 0 0.00
172 20-JUL-26 20:31:55 917498900335 111 0 0 0 0.00
173 20-JUL-26 20:06:17 918208353587 15 0 0 0 0.00
174 20-JUL-26 19:28:15 917498900335 199 0 0 0 0.00
175 20-JUL-26 19:00:48 917972465271 76 0 0 0 0.00
176 20-JUL-26 18:25:10 917498900335 244 0 0 0 0.00
177 20-JUL-26 16:31:13 917498900335 391 0 0 0 0.00
178 20-JUL-26 16:30:07 917028536741 27 0 0 0 0.00
179 20-JUL-26 16:03:30 917796169606 681 0 0 0 0.00
180 20-JUL-26 15:21:38 917498900335 1336 0 0 0 0.00
181 20-JUL-26 14:55:25 917498900335 465 0 0 0 0.00
182 20-JUL-26 14:30:38 917498900335 7 0 0 0 0.00
183 20-JUL-26 14:01:10 917028536741 12 0 0 0 0.00
184 20-JUL-26 12:45:50 917498900335 224 0 0 0 0.00
185 20-JUL-26 12:43:37 918888823456 65 0 0 0 0.00
186 20-JUL-26 12:19:32 917028536741 12 0 0 0 0.00
187 20-JUL-26 09:24:57 917028536741 4 0 0 0 0.00
188 20-JUL-26 07:35:08 918668724751 15 0 0 0 0.00
189 19-JUL-26 20:47:15 917028536741 44 0 0 0 0.00
190 19-JUL-26 20:37:43 917972465271 395 0 0 0 0.00
191 19-JUL-26 00:31:04 917028536741 12 0 0 0 0.00
192 18-JUL-26 22:20:56 919356176741 20 0 0 0 0.00
193 18-JUL-26 19:34:17 917498900335 991 0 0 0 0.00
194 18-JUL-26 17:32:59 917498900335 450 0 0 0 0.00
195 18-JUL-26 16:59:03 917498900335 198 0 0 0 0.00
196 18-JUL-26 16:08:42 917498900335 131 0 0 0 0.00
197 18-JUL-26 15:48:06 917304325961 10 0 0 0 0.00
198 18-JUL-26 14:54:32 917498900335 169 0 0 0 0.00
199 18-JUL-26 14:09:58 917498900335 501 0 0 0 0.00
200 18-JUL-26 07:44:09 918668724751 7 0 0 0 0.00
201 18-JUL-26 00:33:36 917498900335 596 0 0 0 0.00
202 17-JUL-26 21:33:32 917028536741 40 0 0 0 0.00
203 17-JUL-26 20:51:35 917498900335 46 0 0 0 0.00
204 17-JUL-26 20:41:15 917498900335 96 0 0 0 0.00
205 17-JUL-26 20:26:46 917498900335 348 0 0 0 0.00
206 17-JUL-26 20:19:22 919518388853 408 0 0 0 0.00
207 17-JUL-26 20:16:47 917028536741 39 0 0 0 0.00
208 17-JUL-26 20:15:40 917028536741 7 0 0 0 0.00
209 17-JUL-26 19:55:17 917028536741 37 0 0 0 0.00
210 17-JUL-26 19:44:32 917028536741 55 0 0 0 0.00
211 17-JUL-26 17:25:31 917796169606 3 0 0 0 0.00
212 17-JUL-26 17:23:15 917796169606 5 0 0 0 0.00
Jio Number : 7522908762 Mr. Sayyad Tarique Ahmad  Statement Date : 29-Jul-2026
213 17-JUL-26 07:49:55 917028536741 18 0 0 0 0.00
214 17-JUL-26 00:30:56 917028536741 14 0 0 0 0.00
215 16-JUL-26 22:00:54 919356176741 4 0 0 0 0.00
216 16-JUL-26 21:06:04 917498900335 54 0 0 0 0.00
217 16-JUL-26 18:56:38 918657653635 101 0 0 0 0.00
218 16-JUL-26 18:35:35 917498900335 1253 0 0 0 0.00
219 16-JUL-26 17:06:57 918208353587 13 0 0 0 0.00
220 16-JUL-26 10:41:31 917498900335 508 0 0 0 0.00
221 16-JUL-26 10:40:56 919356176741 25 0 0 0 0.00
222 16-JUL-26 10:31:22 917498900335 461 0 0 0 0.00
223 16-JUL-26 00:54:59 917498900335 456 0 0 0 0.00
224 15-JUL-26 23:17:00 917498900335 4551 0 0 0 0.00
225 15-JUL-26 21:24:10 917028536741 17 0 0 0 0.00
226 15-JUL-26 20:23:51 917796169606 834 0 0 0 0.00
227 15-JUL-26 15:33:13 917498900335 74 0 0 0 0.00
228 15-JUL-26 14:26:23 919373912870 10 0 0 0 0.00
229 15-JUL-26 12:49:21 918788062848 1184 0 0 0 0.00
230 15-JUL-26 12:32:11 917498900335 7 0 0 0 0.00
231 15-JUL-26 11:50:30 919156506797 16 0 0 0 0.00
232 15-JUL-26 07:39:35 918668724751 8 0 0 0 0.00
233 15-JUL-26 01:14:43 917498900335 623 0 0 0 0.00
234 15-JUL-26 00:55:10 917498900335 390 0 0 0 0.00
235 15-JUL-26 00:22:42 917498900335 442 0 0 0 0.00
236 14-JUL-26 22:53:49 917028536741 38 0 0 0 0.00
237 14-JUL-26 22:30:11 917498900335 308 0 0 0 0.00
238 14-JUL-26 20:15:04 917498900335 385 0 0 0 0.00
239 14-JUL-26 20:10:38 917796169606 3 0 0 0 0.00
240 14-JUL-26 20:10:13 917796169606 4 0 0 0 0.00
241 14-JUL-26 19:47:43 917028536741 29 0 0 0 0.00
1 28-JUL-26 16:52:40 918062911459 7 0 0 0 0.00
2 21-JUL-26 13:26:18 917996600444 137 0 0 0 0.00
3 21-JUL-26 13:25:27 917996600444 45 0 0 0 0.00
4 21-JUL-26 12:40:10 918062777813 41 0 0 0 0.00
5 17-JUL-26 14:20:03 918031407419 75 0 0 0 0.00
6 16-JUL-26 18:59:03 918031322134 9 0 0 0 0.00
1 26-JUL-26 17:58:32 917796169606 1 1 0 0.00
2 26-JUL-26 17:56:25 917796169606 1 1 0 0.00
3 26-JUL-26 17:55:44 917796169606 1 1 0 0.00
4 26-JUL-26 17:55:01 917796169606 1 1 0 0.00
5 26-JUL-26 17:54:09 917796169606 1 1 0 0.00
6 26-JUL-26 17:52:13 917796169606 1 1 0 0.00
7 26-JUL-26 17:51:35 917796169606 1 1 0 0.00
8 26-JUL-26 17:51:35 917796169606 1 1 0 0.00
9 26-JUL-26 17:50:07 917796169606 1 1 0 0.00
10 26-JUL-26 17:48:40 917796169606 1 1 0 0.00
Jio Number : 7522908762 Mr. Sayyad Tarique Ahmad  Statement Date : 29-Jul-2026
11 26-JUL-26 17:47:37 917796169606 1 1 0 0.00
12 26-JUL-26 17:46:18 917796169606 1 1 0 0.00
13 26-JUL-26 17:45:23 917796169606 1 1 0 0.00
14 26-JUL-26 17:44:28 917796169606 1 1 0 0.00
15 26-JUL-26 17:43:11 917796169606 1 1 0 0.00
16 26-JUL-26 17:41:21 917796169606 1 1 0 0.00
17 26-JUL-26 17:39:55 917796169606 1 1 0 0.00
18 26-JUL-26 17:37:07 917796169606 1 1 0 0.00
19 26-JUL-26 17:35:40 917796169606 1 1 0 0.00
20 26-JUL-26 17:33:54 917796169606 1 1 0 0.00
21 20-JUL-26 00:21:30 917796169606 1 1 0 0.00
22 20-JUL-26 00:20:22 917796169606 1 1 0 0.00
23 20-JUL-26 00:19:36 917796169606 1 1 0 0.00
24 20-JUL-26 00:19:10 917796169606 1 1 0 0.00
25 20-JUL-26 00:18:21 917796169606 1 1 0 0.00
26 20-JUL-26 00:17:07 917796169606 1 1 0 0.00
27 17-JUL-26 14:16:58 917498900335 1 1 0 0.00
